[20, 20, 20, 20, 20, 20, 20, 20, 20, 20, 20, 20, 20, 20, 20, 20, 20, 20, 20, 20, 20, 20, 20, 20, 20, 20, 20, 20, 20, 20, 20, 20, 20, 20, 20, 20, 20, 20, 20, 20, 20, 20, 20, 20, 20, 20, 20, 20, 20, 20, 20, 20, 20, 20, 20, 20, 20, 20, 20, 20, 20, 20, 20, 20, 20, 20, 20, 20, 20, 20, 20, 20, 20, 20, 20, 20, 20, 20, 20, 20, 20, 20, 20, 20, 20, 20, 20, 20, 20, 20, 20, 20, 20, 20, 20, 20, 20, 20, 20, 20, 20, 20, 20, 20, 20, 20, 20, 20, 20, 20, 20, 20, 20, 20, 20, 20, 20, 20, 20, 20, 20, 20, 20, 20, 20, 20, 20, 20, 20, 20, 20, 20, 20, 20, 20, 20, 20, 20, 20, 20, 20, 20, 20, 20, 20, 20, 20, 20, 20, 20, 20, 20, 20, 20, 20, 20, 20, 20, 20, 20, 20, 20, 20, 20, 20, 20, 20, 20, 20, 20, 20, 20, 20, 20, 20, 20, 20, 20, 20, 20, 20, 20, 20, 20, 20, 20, 20, 20, 20, 20, 20, 20, 20, 20, 20, 20, 20, 20, 20, 20, 20, 20, 20, 20, 20, 20, 20, 20, 20, 20, 20, 20, 20, 20, 20, 20, 20, 20, 20, 20, 20, 20, 20, 20, 20]
[20 19 19 19 19 19 19 19 19 19 19 19 19 19 19 19 19 19 19 19 21 19 19 19
 19 19 19 19 19 19 19 19 19 19 19 21 19 19 19 19 19 19 19 19 19 19 19 19
 19 19 19 19 19 19 19 19 19 19 19 19 19 19 19 19 19 19 19 19 19 19 19 19
 19 19 19 19 19 19 19 19 19 19 19 19 19 19 19 19 19 19 19 19 19 19 19 19
 19 19 19 19 19 21 21 19 19 19 19 19 19 19 19 19 19 19 19 19 19 19 19 19
 19 19 19 19 19 19 19 19 19 19 19 19 19 19 19 19 19 19 19 19 19 19 19 19
 19 19 19 19 19 19 19 19 19 19 19 19 19 19 19 19 19 19 19 19 19 19 19 19
 19 19 19 19 19 19 19 19 19 19 19 19 19 19 19 19 19 19 19 19 19 19 19 19
 19 19 19 19 19 19 19 19 19 19 19 19 19 19 19 19 19 19 19 19 19 19 19 19
 19 19 19 19 19 19 19 19 19]
[19 19 19 19 19 19 19 19 19 19 19 19 19 19 19 19 19 19 19 19 21 19 19 19
 19 19 19 19 19 19 19 19 19 19 19 21 19 19 19 19 19 19 19 19 19 19 19 19
 19 19 19 19 19 19 19 19 19 19 19 19 19 19 19 19 19 19 19 19 19 19 19 19
 19 19 19 19 19 19 19 19 19 19 19 19 19 19 19 19 19 19 19 19 19 19 19 19
 19 19 19 19 19 19 21 19 19 19 19 19 19 19 19 19 19 19 19 19 20 19 19 19
 19 19 19 19 19 19 19 19 19 19 19 19 19 19 19 19 19 19 19 19 19 19 19 19
 19 19 19 19 19 19 19 19 19 19 19 19 19 19 19 19 19 19 19 19 19 19 19 19
 19 19 19 19 19 19 19 19 19 19 19 19 19 19 19 19 19 19 19 19 19 19 19 19
 19 19 19 19 19 19 19 19 19 19 19 19 19 19 19 19 19 19 19 19 19 19 19 19
 19 19 19 19 19 19 19 19 19]
[4072, 4072, 4072, 4072, 4072, 4072, 4072, 4072, 4072, 4072, 4072, 4072, 4072, 4072, 4072, 4072, 4072, 4072, 4072, 4072, 4072, 4072, 4072, 4072, 4072, 4072, 4072, 4072, 4072, 4072, 4072, 4072, 4072, 4072, 4072, 4072, 4072, 4072, 4072, 4072, 4072, 4072, 4072, 4072, 4072, 4072, 4072, 4072, 4072, 4072, 4072, 4072, 4072, 4072, 4072, 4072, 4072, 4072, 4072, 4072, 4072, 4072, 4072, 4072, 4072, 4072, 4072, 4072, 4072, 4072, 4072, 4072, 4072, 4072, 4072, 4072, 4072, 4072, 4072, 4072, 4072, 4072, 4072, 4072, 4072, 4072, 4072, 4072, 4072, 4072, 4072, 4072, 4072, 4072, 4072, 4072, 4072, 4072, 4072, 4072, 4072, 4072, 4072, 4072, 4072, 4072, 4072, 4072, 4072, 4072, 4072, 4072, 4072, 4072, 4072, 4072, 4072, 4072, 4072, 4072, 4072, 4072, 4072, 4072, 4072, 4072, 4072, 4072, 4072, 4072, 4072, 4072, 4072, 4072, 4072, 4072, 4072, 4072, 4072, 4072, 4072, 4072, 4072, 4072, 4072, 4072, 4072, 4072, 4072, 4072, 4072, 4072, 4072, 4072, 4072, 4072, 4072, 4072, 4072, 4072, 4072, 4072, 4072, 4072, 4072, 4072, 4072, 4072, 4072, 4072, 4072, 4072, 4072, 4072, 4072, 4072, 4072, 4072, 4072, 4072, 4072, 4072, 4072, 4072, 4072, 4072, 4072, 4072, 4072, 4072, 4072, 4072, 4072, 4072, 4072, 4072, 4072, 4072, 4072, 4072, 4072, 4072, 4072, 4072, 4072, 4072, 4072, 4072, 4072, 4072, 4072, 4072, 4072, 4072, 4072, 4072, 4072, 4072, 4072, 4072, 4072, 4072, 4072, 4072, 4072]
[38 38 38 38 38 37 37 37 37 37 38 38 38 38 38 38 37 37 37 37 37 37 37 37
 37 37 37 37 37 37 38 38 38 38 37 37 37 37 37 37 38 38 38 38 38 38 38 38
 38 38 38 38 38 39 39 39 39 38 37 38 38 38 38 38 39 39 40 39 38 38 38 38
 38 39 41 43 38 38 38 38 37 37 38 42 39 40 40 40 40 43 43 38 37 37 37 37
 37 37 37 37 41 42 43 42 42 42 43 44 41 44 44 43 43 45 45 42 42 46 46 44
 43 44 44 45 47 47 47 47 47 47 47 47 47 47 47 48 47 47 47 47 44 45 46 46
 46 46 46 46 46 46 46 46 46 45 45 45 45 45 45 46 46 45 45 45 45 46 46 47
 47 44 47 47 47 47 47 47 46 46 46 43 43 45 45 45 45 43 45 45 46 46 46 47
 47 47 47 47 47 47 46 46 46 46 46 47 47 47 46 46 46 46 46 46 46 46 46 46
 47 47 47 47 47 47 47 46 46]
[38 38 38 38 38 37 37 37 37 37 38 38 38 38 38 38 37 37 37 37 37 37 37 37
 37 37 37 37 37 37 38 38 38 38 37 37 37 37 37 37 38 38 38 38 38 38 38 38
 38 38 38 38 38 39 39 39 39 38 37 38 38 38 38 38 39 39 40 39 38 38 39 44
 44 44 42 43 38 38 38 38 37 37 38 37 39 40 40 40 40 43 43 38 37 37 37 37
 37 37 37 37 41 42 43 42 42 42 43 44 41 44 44 43 43 44 39 42 42 46 46 44
 43 44 44 45 47 47 47 47 47 47 47 47 47 47 47 48 47 47 47 47 44 45 46 46
 46 46 46 46 46 46 46 46 46 45 45 45 45 45 45 46 46 45 45 45 45 46 46 47
 47 44 47 47 47 47 47 47 46 46 46 43 43 45 45 45 45 43 45 45 46 46 46 47
 47 47 47 47 47 47 46 46 46 46 46 47 47 47 46 46 46 46 46 46 46 46 46 46
 47 47 47 47 47 47 47 46 46]
